tesselation         4.6       4.7       
terrain             30        41        16        0.3       6         0.639216  0.831373  0.490196  0.592157  0.737255  0.109804  0.37      0.0666667 0.313726  0.0941176 -0.45     1e-06     0         0         0         1         
camera              -456.279  192.807   378.382   0         1         0         0         0         50        0.5       
pointlight          1         0.695     1         0.205     1         0.023     0.75      1         0.7       1         1         1         10        0         0         
dirlight            0.28      1         0.545     1         0.705     1         1         1         0.455     -1        -1        
fog                 0.25      1         0.788235  0.831373  0.858824  
water               2.2       0.016     0         0.205     1         1         0.105     3.459     0.48      0.295     4.601     3.45      0.055     0.265     20        
quad                300       3         
sun                 1000      290       227.273   150       150       
lens_flare          0.295     135       37.5      160       152.5     112.5     140       220       105       325       0.71      
flower_class        10        0.778656  0.169273  0.169273  0.407843  0.733333  0.34902   
flower_nums         26        
flower0             -90.909   36.364    -200      0.02      0.02      0.02      0         1         0         0         
flower1             -70       36.2101   -180.819  0.03      0.03      0.03      0         1         0         0         
flower2             -103.363  9.10797   -124.939  0.02      0.02      0.02      0         1         0         0         
flower3             -109.469  4.58797   -116.939  0.02      0.02      0.02      0         1         0         0         
flower4             210       27.885    3.42165   0.02      0.02      0.02      0         1         0         0         
flower5             -40.1247  25.755    -120.265  0.02      0.02      0.02      0         1         0         0         
flower6             74.0872   -1.44408  185.9     0.02      0.02      0.02      0         1         0         0         
flower7             51.3976   -5.70911  170       0.02      0.02      0.02      0         1         0         0         
flower8             200       25.4739   -6.85406  0.02      0.02      0.02      0         1         0         0         
flower9             190       12.2421   32.8947   0.02      0.02      0.02      0         1         0         0         
flower10            -205.104  5.94959   -245.468  0.01      0.01      0.01      0         1         0         0         
flower11            -20       7.25525   409.176   0.01      0.01      0.01      0         1         0         0         
flower12            -10       1.48804   325.243   0.03      0.03      0.03      0         1         0         0         
flower13            80        2.5856    24.2434   0.03      0.03      0.03      0         1         0         0         
flower14            -477.545  1.43359   -410      0.01      0.01      0.01      0         1         0         0         
flower15            -164.854  -5.19525  -130      0.02      0.02      0.02      0         1         0         0         
flower16            -225.064  -9.56522  -143.797  0.02      0.02      0.02      0         1         0         0         
flower17            -473.135  5.04151   -420      0.02      0.02      0.02      0         1         0         0         
flower18            -416.048  1.19234   -440      0.02      0.02      0.02      0         1         0         0         
flower19            598.108   19.6152   454.995   0.02      0.02      0.02      0         1         0         0         
flower20            260       31.3566   79.2242   0.02      0.02      0.02      0         1         0         0         
flower21            -80       -12.5379  450.006   0.02      0.02      0.02      0         1         0         0         
flower22            390       33.6417   262.566   0.02      0.02      0.02      0         1         0         0         
flower23            -357.094  -9.68986  -60       0.02      0.02      0.02      0         1         0         0         
flower24            -461.072  34.3864   -529.964  0.02      0.02      0.02      0         1         0         0         
flower25            -129.769  16.9418   -160      0.02      0.02      0.02      0         1         0         0         
grass_class         10        0.419608  0.819608  0.231373  0.5       0.5       0.5       
grass_nums          53        
grass0              -418.296  46.0616   -175.327  0.05      0.05      0.05      0         1         0         0         
grass1              -70       30.5441   -166.757  0.07      0.07      0.07      0         1         0         0         
grass2              112.614   28.2208   -79.9308  0.07      0.07      0.07      0         1         0         0         
grass3              79.068    45.3739   -101.52   0.07      0.07      0.07      0         1         0         0         
grass4              64.1377   29.483    -71.6724  0.08      0.08      0.08      0         1         0         0         
grass5              -7.04788  13.6973   -59.4245  0.08      0.08      0.08      0         1         0         0         
grass6              275.916   56.3461   -25.8896  0.08      0.08      0.08      0         1         0         0         
grass7              20        73.9612   -284.852  0.08      0.08      0.08      0         1         0         0         
grass8              428.098   6.67575   -348.329  0.08      0.08      0.08      0         1         0         0         
grass9              20.3507   67.1724   -163.7    0.08      0.08      0.08      0         1         0         0         
grass10             -144.481  10.6175   -250.585  0.08      0.08      0.08      0         1         0         0         
grass11             -105.348  -4.73422  -90       0.08      0.08      0.08      0         1         0         0         
grass12             101.687   39.1241   -426.636  0.08      0.08      0.08      0         1         0         0         
grass13             79.5296   99.1418   -220.967  0.08      0.08      0.08      0         1         0         0         
grass14             -70       42.5831   -245.141  0.08      0.08      0.08      0         1         0         0         
grass15             -130.267  9.92856   -144.267  0.08      0.08      0.08      0         1         0         0         
grass16             -38.8855  55.599    -203.807  0.08      0.08      0.08      0         1         0         0         
grass17             217.584   57.3516   -110.917  0.08      0.08      0.08      0         1         0         0         
grass18             140       2.15494   197.547   0.08      0.08      0.08      0         1         0         0         
grass19             117.438   16.8892   232.129   0.08      0.08      0.08      0         1         0         0         
grass20             -31.294   -13.6658  230.233   0.08      0.08      0.08      0         1         0         0         
grass21             9999      9999      9999      0.08      0.08      0.08      0         1         0         0         
grass22             174.34    20.6796   384.713   0.08      0.08      0.08      0         1         0         0         
grass23             30        6.63995   253.272   0.08      0.08      0.08      0         1         0         0         
grass24             218.795   9.34085   301.1     0.08      0.08      0.08      0         1         0         0         
grass25             320.714   21.1407   273.765   0.08      0.08      0.08      0         1         0         0         
grass26             350       84.776    108.594   0.08      0.08      0.08      0         1         0         0         
grass27             350       81.6385   68.7643   0.08      0.08      0.08      0         1         0         0         
grass28             300       52.1452   131.528   0.08      0.08      0.08      0         1         0         0         
grass29             154.702   22.1971   333.238   0.1       0.1       0.1       0         1         0         0         
grass30             -17.0134  -8.6232   224.531   0.1       0.1       0.1       0         1         0         0         
grass31             -10       18.8061   -78.4919  0.1       0.1       0.1       0         1         0         0         
grass32             24.8231   75.3929   -184.932  0.1       0.1       0.1       0         1         0         0         
grass33             292.275   47.7309   113.848   0.1       0.1       0.1       0         1         0         0         
grass34             143.527   -0.200012 189.448   0.1       0.1       0.1       0         1         0         0         
grass35             223.672   5.62152   286.133   0.1       0.1       0.1       0         1         0         0         
grass36             -53.9707  46.3878   -209.081  0.1       0.1       0.1       0         1         0         0         
grass37             38.1033   81.9772   -246.691  0.1       0.1       0.1       0         1         0         0         
grass38             -431.352  -9.0325   -389.052  0.1       0.1       0.1       0         1         0         0         
grass39             -382.422  -4.96057  -423.569  0.1       0.1       0.1       0         1         0         0         
grass40             -377.328  -5.52884  -433.408  0.1       0.1       0.1       0         1         0         0         
grass41             9999      9999      9999      0.1       0.1       0.1       0         1         0         0         
grass42             182.722   18.1359   9.4409    0.1       0.1       0.1       0         1         0         0         
grass43             197.736   15.1365   24.2445   0.1       0.1       0.1       0         1         0         0         
grass44             65.3205   -6.66204  167.151   0.1       0.1       0.1       0         1         0         0         
grass45             86.4922   -10.5272  77.1622   0.1       0.1       0.1       0         1         0         0         
grass46             67.051    -13.2614  95.3768   0.1       0.1       0.1       0         1         0         0         
grass47             140.35    37.9746   -90       0.1       0.1       0.1       0         1         0         0         
grass48             -50       -4.87835  390.914   0.09      0.09      0.09      0         1         0         0         
grass49             -30       0.105698  341.505   0.09      0.09      0.09      0         1         0         0         
grass50             -45.083   -2.67634  403.585   0.09      0.09      0.09      0         1         0         0         
grass51             -31.7984  4.63783   462.626   0.09      0.09      0.09      0         1         0         0         
grass52             43.8763   13.2689   348.216   0.09      0.09      0.09      0         1         0         0         
rock_class          10        0.573123  0.538414  0.396429  0.5       0.5       0.5       
rock_nums           14        
rock0               -20       0         20        0.05      0.05      0.05      0         1         0         0         
rock1               233.778   33.7554   20        0.1       0.1       0.1       0         1         0         0         
rock2               275.001   51.4926   13.108    0.1       0.1       0.1       0         1         0         0         
rock3               187.683   7.68555   67.5633   0.1       0.1       0.1       0         1         0         0         
rock4               83.8992   -12.0528  115.97    0.1       0.1       0.1       0         1         0         0         
rock5               219.243   56.2984   -105.308  0.1       0.1       0.1       0         1         0         0         
rock6               160.335   33.8494   -60.2658  0.1       0.1       0.1       0         1         0         0         
rock7               -54.6934  39.1339   -180      0.1       0.1       0.1       0         1         0         0         
rock8               -3.39511  37.1859   -110      0.1       0.1       0.1       0         1         0         0         
rock9               178.756   23.2083   355.827   0.1       0.1       0.1       0         1         0         0         
rock10              140       23.3525   275.928   0.1       0.1       0.1       0         1         0         0         
rock11              227.771   7.94149   306.02    0.1       0.1       0.1       0         1         0         0         
rock12              68.3434   18.3401   290.601   0.1       0.1       0.1       0         1         0         0         
rock13              344.091   15.7611   313.737   0.1       0.1       0.1       0         1         0         0         
sheep_class         10        0.12253   0.0130763 0.0130763 0.98419   0.98418   0.98418   
sheep_nums          7         
sheep0              196.95    25        194.733   0.15      0.15      0.15      0         1         0         0         
sheep1              38.1975   40        -59.9999  0.15      0.15      0.15      0         1         0         0         
sheep2              -291.976  4         -137.807  0.1       0.1       0.1       0         1         0         0         
sheep3              216.01    40        185.964   0.07      0.07      0.07      0         1         0         0         
sheep4              179.229   65        -90       0.07      0.07      0.07      0         1         0         0         
sheep5              110       30        372.616   0.07      0.07      0.07      0         1         0         0         
sheep6              -39.6739  20        474.7     0.07      0.07      0.07      0         1         0         0         
tree_class          10        0.513834  0.330082  0.0873315 0.329954  0.869565  0.568833  
tree_nums           19        
tree0               63.636    -4        81.188    0.05      0.05      0.05      0         1         0         0         
tree1               230       16.0555   134.192   0.04      0.04      0.04      0         1         0         0         
tree2               -117.018  0.0665436 -110      0.04      0.04      0.04      0         1         0         0         
tree3               -70       -13.6354  317.293   0.05      0.05      0.05      0         1         0         0         
tree4               16.1393   4.95523   290.417   0.06      0.06      0.06      0         1         0         0         
tree5               352.676   42.4935   240       0.06      0.06      0.06      0         1         0         0         
tree6               105.125   35.5903   -90       0.04      0.04      0.04      0         1         0         0         
tree7               60.4122   22.0105   483.454   0.05      0.05      0.05      0         1         0         0         
tree8               -384.105  -13.3214  -70       0.04      0.04      0.04      0         1         0         0         
tree9               -224.435  1.38892   -298.813  0.06      0.06      0.06      0         1         0         0         
tree10              -213.468  4.91949   -215.971  0.05      0.05      0.05      0         1         0         0         
tree11              -340      -8.13205  -495.115  0.05      0.05      0.05      0         1         0         0         
tree12              -497.898  34.2387   -602.428  0.04      0.04      0.04      0         1         0         0         
tree13              -522.857  -5.13824  -401.063  0.05      0.05      0.05      0         1         0         0         
tree14              200       51.3801   -312.707  0.05      0.05      0.05      0         1         0         0         
tree15              109.252   32.1689   -463.446  0.03      0.03      0.03      0         1         0         0         
tree16              282.59    45.3859   -114.51   0.05      0.05      0.05      0         1         0         0         
tree17              182.829   20.5522   406.72    0.06      0.06      0.06      0         1         0         0         
tree18              9999      9999      9999      0.05      0.05      0.05      0         1         0         0         
fish_class          10        0.956522  0.935541  0.548204  0.916996  0.456686  0.871511  
fish_nums           1         
fish0               -200      -27.273   100       0.07      0.07      0.07      0         1         0         0         
