tesselation         5         5         
terrain             30        41        16        0.3       5         0.3083    0.278858  0.187661  0.56404   0.976285  0.52866   0.27      0.172976  0.683794  0.193166  -0.28     0.849802  0.725523  0         -1        0.73      
camera              0         1000      0         0         1         0         0         0         50        0.5       
pointlight          1         0.695     1         0.205     1         0.023     0.75      1         0.7       1         1         1         10        0         0         
dirlight            0.08      1         0.545     1         0.685     1         1         1         0.455     -1        -1        
fog                 1.4       5         0.7       0.7       0.7       
water               0.15      0.02      0.007     0         0.864     0.75      0.2       20        0.222     0.32      2.701     0         0.28      0.115     20        
quad                100       3         
sun                 1000      200       0         150       150       
lens_flare          0.515     202.5     40        65        65        67        117.5     23        105       325       0         
tree_class          2         0.683794  0.332438  0.424112  0.578387  0.84585   0.66045   
