tesselation         5         5         
terrain             30        41        16        0.3       5         0.3083    0.278858  0.187661  0.56404   0.976285  0.52866   0.27      0.172976  0.683794  0.193166  -0.28     0.849802  0.725523  0         -1        0.73      
camera              0         1000      0         0         1         0         0         0         50        0.5       
pointlight          1         0.695     1         0.205     1         0.023     0.75      1         0.7       1         1         1         10        0         0         
dirlight            0.08      1         0.545     1         0.685     1         1         1         0.455     -1        -1        
fog                 1.4       5         0.7       0.7       0.7       
water               0.2       0.02      0.007     0         0.864     0.75      0.2       20        0.222     0.32      2.701     2.65      0.28      0.115     20        
quad                100       3         
sun                 1000      200       0         150       150       
lens_flare          0.515     202.5     40        65        65        67        117.5     23        105       325       0         
tree_class          2         0.683794  0.332438  0.424112  0.578387  0.84585   0.66045   
tree_nums           30        
tree0               -20       0         20        0.05      0.05      0.05      0         1         0         0         
tree1               -197.98   52.8143   336.356   0.05      0.05      0.05      0         1         0         0         
tree2               -317.511  1.73914   327.048   0.05      0.05      0.05      0         1         0         0         
tree3               -344.1    -2.14758  291.428   0.05      0.05      0.05      0         1         0         0         
tree4               -400      18.8343   358.985   0.05      0.05      0.05      0         1         0         0         
tree5               -412.168  22.5848   251.074   0.05      0.05      0.05      0         1         0         0         
tree6               9999      9999      9999      0.05      0.05      0.05      0         1         0         0         
tree7               -136.13   53.7582   310.828   0.05      0.05      0.05      0         1         0         0         
tree8               9999      9999      9999      0.05      0.05      0.05      0         1         0         0         
tree9               198.829   2.65033   878.07    0.05      0.05      0.05      0         1         0         0         
tree10              120       -0.444229 140.376   0.05      0.05      0.05      0         1         0         0         
tree11              270       4.36623   363.198   0.05      0.05      0.05      0         1         0         0         
tree12              252.448   5.53697   439.773   0.05      0.05      0.05      0         1         0         0         
tree13              230       22.5695   193.676   0.05      0.05      0.05      0         1         0         0         
tree14              9999      9999      9999      0.05      0.05      0.05      0         1         0         0         
tree15              222.231   51.252    -333.648  0.05      0.05      0.05      0         1         0         0         
tree16              -134      59.5357   -178.711  0.05      0.05      0.05      0         1         0         0         
tree17              -255.63   39.3629   -262.191  0.05      0.05      0.05      0         1         0         0         
tree18              270.99    91.9615   511.137   0.05      0.05      0.05      0         1         0         0         
tree19              270.99    91.9615   511.137   0.05      0.05      0.05      0         1         0         0         
tree20              77.0022   212.311   587.463   0.05      0.05      0.05      0         1         0         0         
tree21              65.7984   227.246   588.881   0.05      0.05      0.05      0         1         0         0         
tree22              65.4219   228.068   589.039   0.05      0.05      0.05      0         1         0         0         
tree23              65.4219   228.068   589.039   0.05      0.05      0.05      0         1         0         0         
tree24              276.418   91.3656   502.571   0.05      0.05      0.05      0         1         0         0         
tree25              211.291   160.568   604.985   0.05      0.05      0.05      0         1         0         0         
tree26              231.057   132.982   525.871   0.05      0.05      0.05      0         1         0         0         
tree27              118.235   97.558    502.755   0.05      0.05      0.05      0         1         0         0         
tree28              99.3221   227.95    601.12    0.05      0.05      0.05      0         1         0         0         
tree29              295.031   107.037   500       0.05      0.05      0.05      0         1         0         0         
