tesselation         5         5         
terrain             30        41        16        0.3       5         0.3083    0.278858  0.187661  0.56404   0.976285  0.52866   0.27      0.172976  0.683794  0.193166  -0.28     0.849802  0.725523  0         -1        0.73      
camera              0         1000      0         0         1         0         0         0         50        0.5       
pointlight          1         0.695     1         0.205     1         0.023     0.75      1         0.7       1         1         1         10        0         0         
dirlight            0.08      1         0.545     1         0.685     1         1         1         0.455     -1        -1        
fog                 1.4       5         0.7       0.7       0.7       
water               0.2       0.02      0.007     0         0.864     0.75      0.2       20        0.222     0.32      2.701     2.65      0.28      0.115     20        
quad                100       3         
sun                 1000      200       0         150       150       
lens_flare          0.515     202.5     40        65        65        67        117.5     23        105       325       0         
floawer_class       10        0.5       0.5       0.5       0.5       0.5       0.5       
floawer_nums        6         
floawer0            -20       0         20        0.05      0.05      0.05      0         1         0         0         
floawer0            -400      20.5363   -20.7622  0.05      0.05      0.05      0         1         0         0         
floawer0            -368.601  5.56781   -163.813  0.05      0.05      0.05      0         1         0         0         
floawer0            -377.848  26.8884   -253.194  0.05      0.05      0.05      0         1         0         0         
floawer0            -318.214  30.4553   -241.923  0.05      0.05      0.05      0         1         0         0         
floawer0            9999      9999      9999      0.05      0.05      0.05      0         1         0         0         
grass_class         10        0.5       0.5       0.5       0.5       0.5       0.5       
grass_nums          4         
grass1              -20       0         20        0.05      0.05      0.05      0         1         0         0         
grass1              -417.718  25.7683   -124.75   0.05      0.05      0.05      0         1         0         0         
grass1              -418.296  46.0616   -175.327  0.05      0.05      0.05      0         1         0         0         
grass1              -863.643  -62.651   420.338   0.05      0.05      0.05      0         1         0         0         
rock_class          10        0.5       0.5       0.5       0.5       0.5       0.5       
rock_nums           8         
rock2               -20       0         20        0.05      0.05      0.05      0         1         0         0         
rock2               -450.157  62.8495   -61.3723  0.05      0.05      0.05      0         1         0         0         
rock2               -420      40.7003   -79.3569  0.05      0.05      0.05      0         1         0         0         
rock2               -390      11.6289   -75.4692  0.05      0.05      0.05      0         1         0         0         
rock2               -379.264  0.474457  -1.73858  0.05      0.05      0.05      0         1         0         0         
rock2               -387.157  66.8282   81.188    0.05      0.05      0.05      0         1         0         0         
rock2               -454.829  22.1199   161.485   0.05      0.05      0.05      0         1         0         0         
rock2               9999      9999      9999      0.05      0.05      0.05      0         1         0         0         
sheep_class         10        0.5       0.5       0.5       0.5       0.5       0.5       
sheep_nums          7         
sheep3              -20       0         20        0.05      0.05      0.05      0         1         0         0         
sheep3              -450      55.903    -94.2336  0.05      0.05      0.05      0         1         0         0         
sheep3              -748.518  -319.557  -304.896  0.05      0.05      0.05      0         1         0         0         
sheep3              -429.714  19.1824   -262.56   0.05      0.05      0.05      0         1         0         0         
sheep3              -382.204  51.6923   -311.296  0.05      0.05      0.05      0         1         0         0         
sheep3              -338.182  58.2654   -304.973  0.05      0.05      0.05      0         1         0         0         
sheep3              9999      9999      9999      0.05      0.05      0.05      0         1         0         0         
tree_class          10        0.5       0.5       0.5       0.5       0.5       0.5       
tree_nums           5         
tree4               -20       0         20        0.05      0.05      0.05      0         1         0         0         
tree4               -386.916  19.822    30        0.05      0.05      0.05      0         1         0         0         
tree4               -356.194  66.4215   100       0.05      0.05      0.05      0         1         0         0         
tree4               164.695   2.77917   114.869   0.05      0.05      0.05      0         1         0         0         
tree4               373.24    18.49     35.7272   0.05      0.05      0.05      0         1         0         0         
fish_class          10        0.5       0.5       0.5       0.5       0.5       0.5       
fish_nums           7         
fish5               -20       0         20        0.05      0.05      0.05      0         1         0         0         
fish5               181.801   -34.2209  293.947   0.05      0.05      0.05      0         1         0         0         
fish5               125.291   -32.0912  309.146   0.05      0.05      0.05      0         1         0         0         
fish5               90        -44.3711  331.9     0.05      0.05      0.05      0         1         0         0         
fish5               113.299   -57.7324  384.26    0.05      0.05      0.05      0         1         0         0         
fish5               9999      9999      9999      0.05      0.05      0.05      0         1         0         0         
fish5               9999      9999      9999      0.05      0.05      0.05      0         1         0         0         
